---- generation  1 ----
  13   0     12.8061
   0  10     -0.5178
   2   8      1.5726
---- generation  2 ----
  13   0     12.8060
   0  10     -0.5177
   3  12      1.5706
   4   8      3.3217
   1  10      0.3420
   2   6      2.2178
---- generation  3 ----
  10   0     12.8050
   0   8     -0.5328
   2   8      1.5672
   3  10      1.9567
   3   6      3.3208
   1  10      0.3418
---- generation  4 ----
  10   0     12.7905
   0  12     -0.5405
   3  10      1.9565
   1  10      0.3417
   2   8      1.5671
   3   6      3.3209
---- generation  5 ----
  10   0     12.7903
   0  12     -0.5405
   3  10      1.9564
   3   6      3.3210
   1  10      0.3417
   2   8      1.5671
---- generation  6 ----
  10   0     12.7904
   0  12     -0.5405
   3  10      1.9564
   3   6      3.3190
   1  10      0.3417
   2   8      1.5670
---- generation  7 ----
  10   0     12.7904
   0  12     -0.5405
   3  10      1.9564
   3   6      3.3190
   1  10      0.3417
   2   8      1.5670
---- generation  8 ----
  10   0     12.7904
   0  12     -0.5405
   3  10      1.9564
   3   6      3.3190
   1  10      0.3417
   2   8      1.5670
---- generation  9 ----
  10   0     12.7904
   0  12     -0.5405
   3  10      1.9563
   1  10      0.3417
   2   8      1.5670
   3   6      3.3190
---- generation 10 ----
  10   0     12.7903
   0  12     -0.5405
   3  10      1.9563
   3   6      3.3190
   1  10      0.3417
   2   8      1.5670
---- generation 11 ----
  10   0     12.7903
   0  12     -0.5405
   3  10      1.9563
   2  10      1.1868
   1  10      0.3417
   2   8      1.5670
   3   6      3.3190
---- generation 12 ----
  10   0     12.7903
   0  12     -0.5405
   3  10      1.9563
   2  10      1.1867
   3   6      3.3190
   1  10      0.3417
   2   8      1.5670
---- generation 13 ----
  10   0     12.7903
   0  12     -0.5405
   2   8      1.5670
   3  10      1.9563
   4   8      3.3180
   2  10      1.1867
   1  10      0.3417
---- generation 14 ----
  10   0     12.7904
   0  12     -0.5405
   3  10      1.9563
   4   8      3.3177
   2  10      1.1868
   1  10      0.3417
   2   8      1.5670
---- generation 15 ----
  10   0     12.7904
   0  12     -0.5405
   3  10      1.9563
   4   8      3.3184
   2  10      1.1868
   1  10      0.3417
   2   8      1.5670
---- generation 16 ----
   6   0     12.7896
   0  12     -0.5405
   3  10      1.9563
   4   8      3.3185
   2  10      1.1868
   1  10      0.3417
   2   8      1.5670
---- generation 17 ----
   6   0     12.7896
   0  12     -0.5405
   4  12      2.2097
   3  10      1.9563
   4   8      3.3186
   2  10      1.1868
   1  10      0.3417
   2   8      1.5670
---- generation 18 ----
   6   0     12.7896
   0  12     -0.5405
   4  12      2.2097
   3  10      1.9563
   2  10      1.1868
   4   8      3.3187
   1  10      0.3417
   2   8      1.5670
---- generation 19 ----
   6   0     12.7896
   0  12     -0.5405
   4  12      2.2097
   3  10      1.9563
   2  10      1.1868
   4   8      3.3187
   1  10      0.3417
   2   8      1.5670
---- generation 20 ----
   6   0     12.7896
   0  12     -0.5405
   4  12      2.2097
   3  10      1.9563
   4   8      3.3187
   2  10      1.1868
   1  10      0.3417
   2   8      1.5670
---- generation 21 ----
   6   0     12.7896
   0  12     -0.5405
   4  12      2.2097
   3  10      1.9563
   2  10      1.1868
   3   6      3.3183
   1  10      0.3417
   2   8      1.5670
---- generation 22 ----
   6   0     12.7896
   0  12     -0.5405
   4  12      2.2097
   3  10      1.9563
   2  10      1.1868
   1  10      0.3417
   2   8      1.5670
   3   6      3.3184
---- generation 23 ----
   6   0     12.7896
   0  12     -0.5405
   4  12      2.2097
   3  10      1.9563
   2  10      1.1868
   3   6      3.3185
   1  10      0.3417
   2   8      1.5670
---- generation 24 ----
   6   0     12.7896
   0  12     -0.5405
   4  12      2.2097
   3  10      1.9563
   2  10      1.1868
   1  10      0.3417
   2   8      1.5670
   3   6      3.3181
---- generation 25 ----
   6   0     12.7896
   0  12     -0.5405
   4  12      2.2097
   3  10      1.9563
   2  10      1.1868
   3   6      3.3182
   1  10      0.3417
   2   8      1.5670
---- generation 26 ----
   6   0     12.7896
   0  12     -0.5405
   4  12      2.2097
   2   8      1.5670
   3  10      1.9563
   3   6      3.3183
   2  10      1.1868
   1  10      0.3417
---- generation 27 ----
   6   0     12.7896
   0  12     -0.5405
   4  12      2.2097
   3  10      1.9563
   2  10      1.1867
   1  10      0.3417
   2   8      1.5670
   3   6      3.3183
---- generation 28 ----
   6   0     12.7896
   0  12     -0.5405
   4  12      2.2097
   2   8      1.5670
   3  10      1.9563
   3   6      3.3184
   2  10      1.1868
   1  10      0.3417
---- generation 29 ----
   6   0     12.7896
   0  12     -0.5405
   4  12      2.2097
   2   8      1.5670
   3  10      1.9563
   3   6      3.3182
   2  10      1.1868
   1  10      0.3417
---- generation 30 ----
   6   0     12.7896
   0  12     -0.5405
   4  12      2.2097
   2   8      1.5670
   3  10      1.9563
   3   6      3.3183
   2  10      1.1868
   1  10      0.3417
---- generation 31 ----
   6   0     12.7896
   0  12     -0.5405
   4  12      2.2097
   3  10      1.9563
   3   6      3.3183
   2  10      1.1868
   1  10      0.3417
   2   8      1.5670
---- generation 32 ----
   6   0     12.7896
   0  12     -0.5405
   4  12      2.2097
   3  10      1.9563
   3   6      3.3184
   2  10      1.1868
   1  10      0.3417
   2   8      1.5670
---- generation 33 ----
   6   0     12.7896
   0  12     -0.5405
   4  12      2.2097
   2   8      1.5670
   3  10      1.9563
   2   4      3.3182
   2  10      1.1868
   1  10      0.3417
---- generation 34 ----
   6   0     12.7896
   0  12     -0.5405
   4  12      2.2097
   2   8      1.5670
   3  10      1.9563
   2   4      3.3182
   2  10      1.1867
   1  10      0.3417
---- generation 35 ----
   6   0     12.7896
   0  12     -0.5405
   4  12      2.2097
   3  10      1.9563
   2  10      1.1867
   1  10      0.3417
   2   8      1.5670
   2   4      3.3156
---- generation 36 ----
   6   0     12.7896
   0  12     -0.5405
   4  12      2.2097
   2   8      1.5670
   3  10      1.9563
   2   4      3.3156
   2  10      1.1867
   1  10      0.3417
---- generation 37 ----
   6   0     12.7896
   0  12     -0.5406
   4  12      2.2097
   2   8      1.5670
   3  10      1.9563
   2   4      3.3156
   2  10      1.1868
   1  10      0.3417
---- generation 38 ----
   6   0     12.7896
   0  12     -0.5405
   4  12      2.2097
   3  10      1.9563
   2  10      1.1868
   1  10      0.3417
   2   8      1.5670
   2   4      3.3156
---- generation 39 ----
   6   0     12.7896
   0  12     -0.5405
   4  12      2.2097
   2   8      1.5670
   3  10      1.9563
   2  10      1.1867
   1  10      0.3417
   2   4      3.3180
---- generation 40 ----
   6   0     12.7896
   0  12     -0.5405
   4  12      2.2097
   3  10      1.9563
   2   4      3.3179
   2  10      1.1868
   1  10      0.3417
   2   8      1.5670
---- generation 41 ----
   6   0     12.7896
   0  12     -0.5405
   4  12      2.2097
   2   8      1.5670
   3  10      1.9563
   2   4      3.3179
   2  10      1.1868
   1  10      0.3417
---- generation 42 ----
   6   0     12.7896
   0  12     -0.5405
   4  12      2.2097
   2   8      1.5670
   3  10      1.9563
   2   4      3.3179
   2  10      1.1867
   1  10      0.3417
---- generation 43 ----
   6   0     12.7896
   0  12     -0.5406
   4  12      2.2097
   3  10      1.9563
   2  10      1.1867
   2   4      3.3179
   1  10      0.3417
   2   8      1.5670
---- generation 44 ----
   6   0     12.7896
   0  12     -0.5406
   4  12      2.2097
   3  10      1.9563
   2  10      1.1867
   2   4      3.3179
   1  10      0.3417
   2   8      1.5670
---- generation 45 ----
   6   0     12.7896
   0  12     -0.5405
   4  12      2.2097
   2   8      1.5670
   3  10      1.9563
   2  10      1.1868
   2   4      3.3179
   1  10      0.3417
---- generation 46 ----
   6   0     12.7896
   0  12     -0.5405
   4  12      2.2097
   2   8      1.5670
   3  10      1.9563
   2  10      1.1868
   1  10      0.3417
   2   4      3.3179
---- generation 47 ----
   6   0     12.7895
   0  12     -0.5405
   4  12      2.2097
   2   8      1.5670
   3  10      1.9563
   2  10      1.1868
   2   4      3.3179
   1  10      0.3417
---- generation 48 ----
   6   0     12.7896
   0  12     -0.5405
   4  12      2.2097
   3  10      1.9563
   2  10      1.1868
   1  10      0.3417
   2   8      1.5670
   2   4      3.3179
---- generation 49 ----
   6   0     12.7896
   0  12     -0.5405
   4  12      2.2097
   3  10      1.9563
   2   4      3.3151
   2  10      1.1867
   1  10      0.3417
   2   8      1.5670
---- generation 50 ----
   6   0     12.7896
   0  12     -0.5405
   4  12      2.2097
   2   8      1.5670
   3  10      1.9563
   2   4      3.3153
   2  10      1.1867
   1  10      0.3417
---- generation 51 ----
   6   0     12.7896
   0  12     -0.5405
   4  12      2.2097
   3  10      1.9563
   2   4      3.3153
   2  10      1.1867
   1  10      0.3417
   2   8      1.5670
---- generation 52 ----
   6   0     12.7896
   0  12     -0.5405
   4  12      2.2097
   2   8      1.5670
   3  10      1.9563
   2  10      1.1867
   1  10      0.3417
   2   4      3.3154
---- generation 53 ----
   6   0     12.7896
   0  12     -0.5405
   4  12      2.2097
   3  10      1.9563
   2  10      1.1867
   1  10      0.3417
   2   8      1.5670
   2   4      3.3154
---- generation 54 ----
   6   0     12.7896
   0  12     -0.5405
   4  12      2.2097
   3  10      1.9563
   2   4      3.3169
   2  10      1.1868
   1  10      0.3417
   2   8      1.5670
---- generation 55 ----
   6   0     12.7896
   0  12     -0.5405
   4  12      2.2097
   3  10      1.9563
   2   4      3.3164
   2  10      1.1868
   1  10      0.3417
   2   8      1.5670
---- generation 56 ----
   6   0     12.7896
   0  12     -0.5405
   4  12      2.2097
   3  10      1.9563
   2  10      1.1867
   2   4      3.3162
   1  10      0.3417
   2   8      1.5670
---- generation 57 ----
   6   0     12.7895
   0  12     -0.5406
   4  12      2.2097
   2   8      1.5670
   3  10      1.9563
   2   4      3.3159
   2  10      1.1868
   1  10      0.3417
---- generation 58 ----
   6   0     12.7896
   0  12     -0.5406
   4  12      2.2097
   3  10      1.9563
   2  10      1.1867
   2   4      3.3158
   1  10      0.3417
   2   8      1.5670
---- generation 59 ----
   6   0     12.7896
   0  12     -0.5405
   1  16      0.0280
   4  12      2.2097
   3  10      1.9563
   2   4      3.3157
   2  10      1.1868
   1  10      0.3417
   2   8      1.5670
---- generation 60 ----
   6   0     12.7896
   0  12     -0.5405
   1  16      0.0280
   4  12      2.2097
   2   8      1.5670
   3  10      1.9563
   2  10      1.1867
   2   4      3.3156
   1  10      0.3417
---- generation 61 ----
   6   0     12.7896
   0  12     -0.5405
   1  16      0.0280
   4  12      2.2097
   3  10      1.9563
   2   4      3.3155
   2  10      1.1867
   1  10      0.3417
   2   8      1.5670
---- generation 62 ----
   6   0     12.7895
   0  12     -0.5405
   1  16      0.0280
   4  12      2.2097
   2   8      1.5670
   3  10      1.9563
   2   4      3.3247
   2  10      1.1868
   1  10      0.3417
---- generation 63 ----
   6   0     12.7897
   0  12     -0.5405
   1  16      0.0280
   4  12      2.2097
   2   8      1.5670
   3  10      1.9563
   2  10      1.1867
   4   8      3.3236
   1  10      0.3417
---- generation 64 ----
   6   0     12.7896
   0  12     -0.5405
   1  16      0.0280
   4  12      2.2097
   3  10      1.9563
   2  10      1.1868
   3   6      3.3219
   1  10      0.3417
   2   8      1.5670
---- generation 65 ----
   6   0     12.7896
   0  12     -0.5405
   1  16      0.0280
   4  12      2.2097
   2   8      1.5670
   3  10      1.9563
   2  10      1.1868
   2   4      3.3185
   1  10      0.3417
---- generation 66 ----
   6   0     12.7896
   0  12     -0.5405
   1  16      0.0279
   4  12      2.2097
   3  10      1.9563
   2  10      1.1868
   2   4      3.3181
   1  10      0.3417
   2   8      1.5670
---- generation 67 ----
   6   0     12.7896
   0  12     -0.5405
   1  16      0.0279
   4  12      2.2097
   3  10      1.9563
   2   4      3.3180
   2  10      1.1868
   1  10      0.3417
   2   8      1.5670
---- generation 68 ----
   6   0     12.7896
   0  12     -0.5405
   1  16      0.0279
   4  12      2.2097
   3  10      1.9563
   2  10      1.1868
   1  10      0.3417
   2   8      1.5670
   2   4      3.3180
---- generation 69 ----
   6   0     12.7896
   0  12     -0.5405
   1  16      0.0279
   4  12      2.2097
   3  10      1.9563
   2  10      1.1867
   1  10      0.3417
   2   8      1.5670
   2   4      3.3154
---- generation 70 ----
   6   0     12.7896
   0  12     -0.5405
   1  16      0.0279
   4  12      2.2097
   3  10      1.9563
   2  10      1.1867
   1  10      0.3417
   2   8      1.5670
   2   4      3.3155
---- generation 71 ----
   6   0     12.7896
   0  12     -0.5405
   1  16      0.0279
   4  12      2.2097
   2   8      1.5670
   3  10      1.9563
   2  10      1.1867
   2   4      3.3156
   1  10      0.3417
---- generation 72 ----
   6   0     12.7896
   0  12     -0.5405
   1  16      0.0279
   4  12      2.2097
   3  10      1.9563
   2  10      1.1867
   2   4      3.3151
   1  10      0.3417
   2   8      1.5670
---- generation 73 ----
   6   0     12.7895
   0  12     -0.5405
   1  16      0.0279
   4  12      2.2097
   3  10      1.9563
   2  10      1.1867
   1  10      0.3417
   2   8      1.5670
   2   4      3.3152
---- generation 74 ----
   6   0     12.7895
   0  12     -0.5405
   1  16      0.0279
   4  12      2.2097
   2   8      1.5670
   3  10      1.9563
   2   4      3.3156
   2  10      1.1868
   1  10      0.3417
---- generation 75 ----
   6   0     12.7896
   0  12     -0.5405
   1  16      0.0279
   4  12      2.2097
   3  10      1.9563
   2  10      1.1867
   2   4      3.3154
   1  10      0.3417
   2   8      1.5670
---- generation 76 ----
   6   0     12.7895
   0  12     -0.5405
   1  16      0.0279
   4  12      2.2097
   3  10      1.9563
   2   4      3.3154
   2  10      1.1868
   1  10      0.3417
   2   8      1.5670
---- generation 77 ----
   6   0     12.7897
   0  12     -0.5405
   1  16      0.0279
   4  12      2.2097
   2   8      1.5670
   3  10      1.9563
   2  10      1.1868
   1  10      0.3417
   2   4      3.3153
---- generation 78 ----
   6   0     12.7895
   0  12     -0.5405
   1  16      0.0279
   4  12      2.2097
   3  10      1.9563
   2  10      1.1867
   1  10      0.3417
   2   8      1.5670
   2   4      3.3153
---- generation 79 ----
   6   0     12.7896
   0  12     -0.5405
   1  16      0.0279
   4  12      2.2097
   3  10      1.9563
   2  10      1.1868
   1  10      0.3417
   2   8      1.5670
   2   4      3.3153
---- generation 80 ----
   6   0     12.7896
   0  12     -0.5405
   1  16      0.0279
   4  12      2.2097
   3  10      1.9563
   2  10      1.1867
   2   4      3.3152
   1  10      0.3417
   2   8      1.5670
---- generation 81 ----
   6   0     12.7896
   0  12     -0.5406
   1  16      0.0279
   4  12      2.2097
   3  10      1.9563
   2  10      1.1867
   2   4      3.3153
   1  10      0.3417
   2   8      1.5670
---- generation 82 ----
   6   0     12.7896
   0  12     -0.5406
   1  16      0.0279
   4  12      2.2097
   3  10      1.9563
   2  10      1.1868
   1  10      0.3417
   2   8      1.5670
   2   4      3.3153
---- generation 83 ----
   6   0     12.7896
   0  12     -0.5406
   1  16      0.0279
   4  12      2.2097
   2   8      1.5670
   3  10      1.9563
   2   4      3.3153
   2  10      1.1868
   1  10      0.3417
---- generation 84 ----
   6   0     12.7896
   0  12     -0.5406
   1  16      0.0279
   4  12      2.2097
   3  10      1.9563
   2  10      1.1868
   1  10      0.3417
   2   8      1.5670
   2   4      3.3153
---- generation 85 ----
   6   0     12.7896
   0  12     -0.5406
   1  16      0.0279
   4  12      2.2097
   3  10      1.9563
   2  10      1.1868
   2   4      3.3154
   1  10      0.3417
   2   8      1.5670
---- generation 86 ----
   6   0     12.7897
   0  12     -0.5406
   1  16      0.0279
   4  12      2.2097
   3  10      1.9563
   2   4      3.3154
   2  10      1.1868
   1  10      0.3417
   2   8      1.5670
---- generation 87 ----
   6   0     12.7896
   0  12     -0.5406
   1  16      0.0279
   4  12      2.2097
   2   8      1.5670
   3  10      1.9563
   2   4      3.3154
   2  10      1.1868
   1  10      0.3417
---- generation 87 ----
   6   0     12.7896
   0  12     -0.5406
   1  16      0.0279
   4  12      2.2097
   2   8      1.5670
   3  10      1.9563
   2   4      3.3154
   2  10      1.1868
   1  10      0.3417
---- generation 87 ----
   6   0     12.7896
   0  12     -0.5406
   1  16      0.0279
   4  12      2.2097
   2   8      1.5670
   3  10      1.9563
   2   4      3.3154
   2  10      1.1868
   1  10      0.3417
---- generation 87 ----
   6   0     12.7896
   0  12     -0.5406
   1  16      0.0279
   4  12      2.2097
   2   8      1.5670
   3  10      1.9563
   2   4      3.3154
   2  10      1.1868
   1  10      0.3417
---- generation 87 ----
   6   0     12.7896
   0  12     -0.5406
   1  16      0.0279
   4  12      2.2097
   2   8      1.5670
   3  10      1.9563
   2   4      3.3154
   2  10      1.1868
   1  10      0.3417
---- generation 87 ----
   6   0     12.7896
   0  12     -0.5406
   1  16      0.0279
   4  12      2.2097
   2   8      1.5670
   3  10      1.9563
   2   4      3.3154
   2  10      1.1868
   1  10      0.3417
---- generation 87 ----
   6   0     12.7896
   0  12     -0.5406
   1  16      0.0279
   4  12      2.2097
   2   8      1.5670
   3  10      1.9563
   2   4      3.3154
   2  10      1.1868
   1  10      0.3417
---- generation 87 ----
   6   0     12.7896
   0  12     -0.5406
   1  16      0.0279
   4  12      2.2097
   2   8      1.5670
   3  10      1.9563
   2   4      3.3154
   2  10      1.1868
   1  10      0.3417
---- generation 87 ----
   6   0     12.7896
   0  12     -0.5406
   1  16      0.0279
   4  12      2.2097
   2   8      1.5670
   3  10      1.9563
   2   4      3.3154
   2  10      1.1868
   1  10      0.3417
---- generation 87 ----
   6   0     12.7896
   0  12     -0.5406
   1  16      0.0279
   4  12      2.2097
   2   8      1.5670
   3  10      1.9563
   2   4      3.3154
   2  10      1.1868
   1  10      0.3417
---- generation 87 ----
   6   0     12.7896
   0  12     -0.5406
   1  16      0.0279
   4  12      2.2097
   2   8      1.5670
   3  10      1.9563
   2   4      3.3154
   2  10      1.1868
   1  10      0.3417
---- generation 87 ----
   6   0     12.7896
   0  12     -0.5406
   1  16      0.0279
   4  12      2.2097
   2   8      1.5670
   3  10      1.9563
   2   4      3.3154
   2  10      1.1868
   1  10      0.3417
---- generation 87 ----
   6   0     12.7896
   0  12     -0.5406
   1  16      0.0279
   4  12      2.2097
   2   8      1.5670
   3  10      1.9563
   2   4      3.3154
   2  10      1.1868
   1  10      0.3417
---- generation 87 ----
   6   0     12.7896
   0  12     -0.5406
   1  16      0.0279
   4  12      2.2097
   2   8      1.5670
   3  10      1.9563
   2   4      3.3154
   2  10      1.1868
   1  10      0.3417
---- generation 87 ----
   6   0     12.7896
   0  12     -0.5406
   1  16      0.0279
   4  12      2.2097
   2   8      1.5670
   3  10      1.9563
   2   4      3.3154
   2  10      1.1868
   1  10      0.3417
---- generation 87 ----
   6   0     12.7896
   0  12     -0.5406
   1  16      0.0279
   4  12      2.2097
   2   8      1.5670
   3  10      1.9563
   2   4      3.3154
   2  10      1.1868
   1  10      0.3417
---- generation 87 ----
   6   0     12.7896
   0  12     -0.5406
   1  16      0.0279
   4  12      2.2097
   2   8      1.5670
   3  10      1.9563
   2   4      3.3154
   2  10      1.1868
   1  10      0.3417
---- generation 87 ----
   6   0     12.7896
   0  12     -0.5406
   1  16      0.0279
   4  12      2.2097
   2   8      1.5670
   3  10      1.9563
   2   4      3.3154
   2  10      1.1868
   1  10      0.3417
---- generation 87 ----
   6   0     12.7896
   0  12     -0.5406
   1  16      0.0279
   4  12      2.2097
   2   8      1.5670
   3  10      1.9563
   2   4      3.3154
   2  10      1.1868
   1  10      0.3417
---- generation 87 ----
   6   0     12.7896
   0  12     -0.5406
   1  16      0.0279
   4  12      2.2097
   2   8      1.5670
   3  10      1.9563
   2   4      3.3154
   2  10      1.1868
   1  10      0.3417
